category: Energy
symbol: J
name: TNT equivalent
from: 4184000000 J
to: 1.000000e9 cal
conversion: 4184000000 J → 1.000000e9 cal
experiment_name: TNT equivalent_convert
precision: f64
elapsed_ms: 51
iterations: 10000
avg_time_ns: 5189.91
min_time_ns: 5189.91
max_time_ns: 5189.91
time_stddev: 0.0000
iterations_per_sec: 196078.43
result: TNT equivalent | 4184000000 J → 1.000000e9 cal
